0.0
5.0
10.0
40.0
80.0
80.0
5.0
40.0
10.0
5.0
40.0
10.0
80.0
40.0
80.0
5.0
10.0
80.0
5.0
40.0
10.0
5.0
80.0
40.0
10.0
80.0
10.0
40.0
5.0
5.0
40.0
10.0
80.0
40.0
5.0
80.0
10.0
10.0
5.0
40.0
80.0
80.0
5.0
40.0
10.0
5.0
80.0
40.0
10.0
80.0
10.0
40.0
5.0
5.0
80.0
40.0
10.0
40.0
10.0
80.0
5.0
80.0
10.0
40.0
5.0
40.0
10.0
80.0
5.0
5.0
80.0
40.0
10.0
40.0
80.0
5.0
10.0
5.0
10.0
40.0
80.0
10.0
40.0
80.0
5.0
10.0
80.0
5.0
40.0
40.0
10.0
80.0
5.0
5.0
40.0
80.0
10.0
40.0
10.0
5.0
80.0
80.0
10.0
40.0
5.0
10.0
80.0
40.0
5.0
40.0
5.0
10.0
80.0
5.0
10.0
40.0
80.0
80.0
5.0
40.0
10.0
80.0
10.0
40.0
5.0
40.0
80.0
10.0
5.0
80.0
40.0
10.0
5.0
5.0
80.0
40.0
10.0
80.0
40.0
5.0
10.0
40.0
80.0
10.0
5.0
80.0
5.0
40.0
10.0
80.0
40.0
10.0
5.0
80.0
5.0
40.0
10.0
40.0
10.0
80.0
5.0
80.0
5.0
10.0
40.0
40.0
80.0
5.0
10.0
5.0
40.0
80.0
10.0
10.0
5.0
40.0
80.0
10.0
40.0
5.0
80.0
40.0
5.0
80.0
10.0
10.0
40.0
5.0
80.0
10.0
40.0
5.0
80.0
80.0
5.0
40.0
10.0
10.0
40.0
5.0
80.0
