1000.0
25.0
100.0
8.33
12.5
200.0
25.0
200.0
100.0
12.5
8.33
25.0
12.5
200.0
8.33
100.0
12.5
200.0
25.0
8.33
100.0
100.0
25.0
8.33
12.5
200.0
8.33
25.0
100.0
12.5
200.0
200.0
8.33
12.5
25.0
100.0
25.0
12.5
8.33
100.0
200.0
8.33
25.0
12.5
200.0
100.0
200.0
8.33
100.0
12.5
25.0
100.0
8.33
200.0
12.5
25.0
200.0
25.0
8.33
12.5
100.0
8.33
25.0
12.5
200.0
100.0
200.0
8.33
100.0
25.0
12.5
200.0
100.0
25.0
12.5
8.33
8.33
12.5
100.0
25.0
200.0
100.0
12.5
25.0
200.0
8.33
100.0
12.5
25.0
200.0
8.33
12.5
200.0
100.0
25.0
8.33
100.0
25.0
200.0
12.5
8.33
8.33
12.5
25.0
100.0
200.0
200.0
25.0
100.0
12.5
8.33
200.0
8.33
25.0
100.0
12.5
100.0
25.0
8.33
12.5
200.0
100.0
25.0
8.33
12.5
200.0
8.33
25.0
12.5
200.0
100.0
25.0
12.5
100.0
200.0
8.33
12.5
200.0
25.0
8.33
100.0
200.0
25.0
12.5
8.33
100.0
100.0
25.0
200.0
8.33
12.5
12.5
8.33
200.0
100.0
25.0
8.33
12.5
25.0
100.0
200.0
25.0
100.0
8.33
200.0
12.5
8.33
12.5
100.0
25.0
200.0
12.5
8.33
200.0
25.0
100.0
8.33
200.0
100.0
12.5
25.0
200.0
12.5
25.0
100.0
8.33
25.0
200.0
8.33
12.5
100.0
8.33
100.0
12.5
200.0
25.0
100.0
8.33
200.0
25.0
12.5
25.0
100.0
200.0
12.5
8.33
12.5
100.0
25.0
8.33
200.0
100.0
12.5
200.0
25.0
8.33
8.33
12.5
25.0
200.0
100.0
12.5
200.0
25.0
100.0
8.33
8.33
25.0
200.0
100.0
12.5
200.0
12.5
100.0
25.0
8.33
12.5
8.33
200.0
100.0
25.0
25.0
12.5
200.0
8.33
100.0
25.0
8.33
12.5
100.0
200.0
