1000.0
100.0
12.5
1000.0
200.0
25.0
50.0
10.0
8.33
10.0
12.5
100.0
1000.0
8.33
50.0
200.0
25.0
10.0
12.5
1000.0
8.33
200.0
25.0
50.0
100.0
100.0
1000.0
8.33
200.0
25.0
10.0
12.5
50.0
8.33
50.0
12.5
200.0
10.0
25.0
100.0
1000.0
50.0
8.33
100.0
1000.0
200.0
25.0
12.5
10.0
10.0
12.5
50.0
8.33
25.0
100.0
1000.0
200.0
12.5
10.0
50.0
100.0
25.0
200.0
8.33
1000.0
8.33
25.0
10.0
50.0
200.0
1000.0
12.5
100.0
1000.0
100.0
200.0
25.0
8.33
10.0
12.5
50.0
1000.0
10.0
50.0
200.0
8.33
25.0
100.0
12.5
8.33
25.0
50.0
10.0
100.0
12.5
200.0
1000.0
10.0
50.0
8.33
12.5
200.0
25.0
1000.0
100.0
1000.0
25.0
50.0
200.0
12.5
100.0
10.0
8.33
1000.0
12.5
25.0
10.0
50.0
100.0
8.33
200.0
12.5
1000.0
10.0
25.0
8.33
200.0
100.0
50.0
8.33
10.0
100.0
12.5
200.0
1000.0
50.0
25.0
8.33
100.0
200.0
25.0
12.5
1000.0
10.0
50.0
25.0
10.0
8.33
12.5
200.0
50.0
100.0
1000.0
1000.0
12.5
50.0
10.0
8.33
200.0
25.0
100.0
12.5
1000.0
200.0
50.0
100.0
8.33
10.0
25.0
8.33
50.0
100.0
10.0
12.5
1000.0
25.0
200.0
10.0
8.33
50.0
100.0
200.0
25.0
1000.0
12.5
1000.0
100.0
8.33
10.0
25.0
12.5
50.0
200.0
12.5
25.0
1000.0
10.0
50.0
100.0
8.33
200.0
8.33
100.0
200.0
50.0
12.5
1000.0
10.0
25.0
200.0
50.0
25.0
10.0
1000.0
12.5
100.0
8.33
10.0
200.0
100.0
1000.0
8.33
50.0
12.5
25.0
200.0
50.0
10.0
12.5
1000.0
100.0
8.33
25.0
1000.0
100.0
50.0
12.5
8.33
25.0
10.0
200.0
200.0
100.0
50.0
1000.0
10.0
25.0
12.5
8.33
200.0
1000.0
8.33
50.0
12.5
100.0
25.0
10.0
1000.0
8.33
10.0
50.0
25.0
12.5
200.0
100.0
50.0
200.0
8.33
12.5
1000.0
100.0
25.0
10.0
10.0
100.0
12.5
1000.0
8.33
50.0
25.0
200.0
25.0
1000.0
50.0
100.0
200.0
8.33
12.5
10.0
25.0
10.0
50.0
1000.0
8.33
200.0
100.0
12.5
25.0
12.5
10.0
1000.0
8.33
50.0
200.0
100.0
8.33
25.0
50.0
100.0
12.5
1000.0
200.0
10.0
200.0
8.33
10.0
100.0
12.5
50.0
1000.0
25.0
1000.0
25.0
12.5
8.33
200.0
10.0
100.0
50.0
8.33
10.0
12.5
100.0
200.0
25.0
50.0
1000.0
12.5
100.0
50.0
25.0
200.0
10.0
8.33
1000.0
100.0
200.0
12.5
1000.0
25.0
50.0
8.33
10.0
1000.0
200.0
12.5
8.33
10.0
100.0
50.0
25.0
100.0
8.33
25.0
50.0
12.5
1000.0
200.0
10.0
100.0
12.5
200.0
1000.0
8.33
50.0
25.0
10.0
8.33
200.0
100.0
50.0
1000.0
25.0
10.0
12.5
100.0
200.0
1000.0
50.0
25.0
12.5
10.0
8.33
200.0
100.0
8.33
10.0
12.5
25.0
1000.0
50.0
