0.0
100.0
40.0
80.0
10.0
20.0
5.0
100.0
80.0
10.0
5.0
20.0
40.0
40.0
20.0
80.0
5.0
100.0
10.0
100.0
20.0
5.0
10.0
40.0
80.0
100.0
5.0
20.0
80.0
10.0
40.0
10.0
100.0
5.0
80.0
40.0
20.0
100.0
5.0
10.0
40.0
20.0
80.0
20.0
10.0
5.0
100.0
40.0
80.0
5.0
40.0
80.0
20.0
100.0
10.0
5.0
100.0
80.0
40.0
20.0
10.0
10.0
5.0
80.0
40.0
20.0
100.0
100.0
20.0
5.0
10.0
40.0
80.0
100.0
10.0
20.0
80.0
5.0
40.0
5.0
20.0
80.0
40.0
10.0
100.0
100.0
10.0
80.0
20.0
5.0
40.0
5.0
40.0
80.0
100.0
10.0
20.0
20.0
100.0
80.0
40.0
5.0
10.0
10.0
80.0
5.0
20.0
100.0
40.0
40.0
100.0
20.0
5.0
80.0
10.0
20.0
10.0
100.0
5.0
40.0
80.0
100.0
10.0
20.0
80.0
5.0
40.0
5.0
10.0
40.0
100.0
80.0
20.0
5.0
40.0
80.0
10.0
100.0
20.0
100.0
20.0
80.0
10.0
40.0
5.0
5.0
80.0
100.0
20.0
40.0
10.0
80.0
10.0
40.0
5.0
100.0
20.0
20.0
10.0
5.0
100.0
40.0
80.0
100.0
5.0
80.0
40.0
10.0
20.0
20.0
5.0
80.0
10.0
100.0
40.0
100.0
40.0
80.0
20.0
5.0
10.0
5.0
100.0
10.0
20.0
80.0
40.0
100.0
80.0
10.0
40.0
20.0
5.0
100.0
20.0
80.0
40.0
5.0
10.0
100.0
5.0
10.0
20.0
80.0
40.0
100.0
80.0
20.0
10.0
40.0
5.0
5.0
10.0
80.0
40.0
100.0
20.0
20.0
80.0
40.0
10.0
5.0
100.0
80.0
100.0
10.0
20.0
40.0
5.0
5.0
20.0
10.0
100.0
40.0
80.0
5.0
40.0
80.0
20.0
100.0
10.0
20.0
5.0
100.0
40.0
80.0
10.0
100.0
40.0
5.0
80.0
10.0
20.0
40.0
20.0
100.0
80.0
5.0
10.0
40.0
10.0
20.0
100.0
80.0
5.0
10.0
40.0
100.0
20.0
80.0
5.0
80.0
40.0
20.0
100.0
10.0
5.0
5.0
100.0
80.0
10.0
20.0
40.0
5.0
100.0
40.0
20.0
10.0
80.0
20.0
5.0
10.0
40.0
100.0
80.0
10.0
80.0
5.0
40.0
20.0
100.0
