0.0
4.0
1.5
0.7
1.2
15.0
0.85
15.0
0.7
1.2
1.5
4.0
0.85
4.0
1.5
1.2
0.85
0.7
15.0
4.0
1.2
0.85
0.7
1.5
15.0
0.7
4.0
1.2
1.5
0.85
15.0
15.0
0.85
0.7
1.2
4.0
1.5
0.85
0.7
4.0
15.0
1.5
1.2
0.85
15.0
1.5
1.2
4.0
0.7
1.5
0.7
15.0
0.85
4.0
1.2
0.7
0.85
1.2
4.0
15.0
1.5
1.2
1.5
0.85
4.0
15.0
0.7
15.0
1.5
0.85
1.2
0.7
4.0
0.7
0.85
4.0
15.0
1.5
1.2
0.85
0.7
4.0
1.5
15.0
1.2
4.0
15.0
1.5
0.7
0.85
1.2
1.5
15.0
1.2
4.0
0.85
0.7
0.85
15.0
1.5
4.0
0.7
1.2
0.85
15.0
1.5
4.0
1.2
0.7
1.5
15.0
4.0
0.7
1.2
0.85
1.2
4.0
1.5
15.0
0.85
0.7
1.2
1.5
15.0
0.85
0.7
4.0
1.2
0.7
15.0
0.85
1.5
4.0
15.0
4.0
0.85
1.5
0.7
1.2
1.5
0.7
4.0
15.0
0.85
1.2
4.0
0.7
0.85
1.2
1.5
15.0
1.5
15.0
0.7
4.0
0.85
1.2
1.5
15.0
4.0
0.85
1.2
0.7
1.2
0.7
0.85
4.0
1.5
15.0
1.5
1.2
15.0
0.85
4.0
0.7
1.5
4.0
0.85
1.2
15.0
0.7
15.0
0.85
1.5
4.0
1.2
0.7
0.85
1.2
4.0
1.5
0.7
15.0
1.5
0.7
15.0
4.0
0.85
1.2
4.0
1.5
0.85
15.0
1.2
0.7
1.5
15.0
1.2
0.85
0.7
4.0
0.85
1.5
0.7
15.0
4.0
1.2
0.85
0.7
15.0
4.0
1.2
1.5
0.85
1.5
4.0
0.7
1.2
15.0
1.5
4.0
15.0
1.2
0.85
0.7
1.2
1.5
0.7
4.0
0.85
15.0
0.7
1.5
4.0
0.85
1.2
15.0
1.5
15.0
1.2
0.7
4.0
0.85
0.7
15.0
1.2
0.85
4.0
1.5
0.7
0.85
15.0
1.5
1.2
4.0
0.85
1.2
0.7
15.0
1.5
4.0
4.0
0.7
0.85
1.5
1.2
15.0
0.7
0.85
1.5
4.0
1.2
15.0
1.5
4.0
1.2
15.0
0.85
0.7
4.0
15.0
1.5
0.7
1.2
0.85
4.0
0.7
0.85
1.2
15.0
1.5
