0.0
4000.0
8000.0
32000.0
16000.0
2000.0
64000.0
2000.0
32000.0
16000.0
8000.0
4000.0
64000.0
4000.0
8000.0
16000.0
64000.0
32000.0
2000.0
4000.0
16000.0
64000.0
32000.0
8000.0
2000.0
32000.0
4000.0
16000.0
8000.0
64000.0
2000.0
2000.0
64000.0
32000.0
16000.0
4000.0
8000.0
64000.0
32000.0
4000.0
2000.0
8000.0
16000.0
64000.0
2000.0
8000.0
16000.0
4000.0
32000.0
8000.0
32000.0
2000.0
64000.0
4000.0
16000.0
32000.0
64000.0
16000.0
4000.0
2000.0
8000.0
16000.0
8000.0
64000.0
4000.0
2000.0
32000.0
2000.0
8000.0
64000.0
16000.0
32000.0
4000.0
32000.0
64000.0
4000.0
2000.0
8000.0
16000.0
64000.0
32000.0
4000.0
8000.0
2000.0
16000.0
4000.0
2000.0
8000.0
32000.0
64000.0
16000.0
8000.0
2000.0
16000.0
4000.0
64000.0
32000.0
64000.0
2000.0
8000.0
4000.0
32000.0
16000.0
64000.0
2000.0
8000.0
4000.0
16000.0
32000.0
8000.0
2000.0
4000.0
32000.0
16000.0
64000.0
16000.0
4000.0
8000.0
2000.0
64000.0
32000.0
16000.0
8000.0
2000.0
64000.0
32000.0
4000.0
16000.0
32000.0
2000.0
64000.0
8000.0
4000.0
2000.0
4000.0
64000.0
8000.0
32000.0
16000.0
8000.0
32000.0
4000.0
2000.0
64000.0
16000.0
4000.0
32000.0
64000.0
16000.0
8000.0
2000.0
8000.0
2000.0
32000.0
4000.0
64000.0
16000.0
8000.0
2000.0
4000.0
64000.0
16000.0
32000.0
16000.0
32000.0
64000.0
4000.0
8000.0
2000.0
8000.0
16000.0
2000.0
64000.0
4000.0
32000.0
8000.0
4000.0
64000.0
16000.0
2000.0
32000.0
2000.0
64000.0
8000.0
4000.0
16000.0
32000.0
64000.0
16000.0
4000.0
8000.0
32000.0
2000.0
8000.0
32000.0
2000.0
4000.0
64000.0
16000.0
4000.0
8000.0
64000.0
2000.0
16000.0
32000.0
8000.0
2000.0
16000.0
64000.0
32000.0
4000.0
64000.0
8000.0
32000.0
2000.0
4000.0
16000.0
64000.0
32000.0
2000.0
4000.0
16000.0
8000.0
64000.0
8000.0
4000.0
32000.0
16000.0
2000.0
8000.0
4000.0
2000.0
16000.0
64000.0
32000.0
16000.0
8000.0
32000.0
4000.0
64000.0
2000.0
32000.0
8000.0
4000.0
64000.0
16000.0
2000.0
8000.0
2000.0
16000.0
32000.0
4000.0
64000.0
32000.0
2000.0
16000.0
64000.0
4000.0
8000.0
32000.0
64000.0
2000.0
8000.0
16000.0
4000.0
64000.0
16000.0
32000.0
2000.0
8000.0
4000.0
4000.0
32000.0
64000.0
8000.0
16000.0
2000.0
32000.0
64000.0
8000.0
4000.0
16000.0
2000.0
8000.0
4000.0
16000.0
2000.0
64000.0
32000.0
4000.0
2000.0
8000.0
32000.0
16000.0
64000.0
4000.0
32000.0
64000.0
16000.0
2000.0
8000.0
