0.0
50000.0
45000.0
25000.0
60000.0
40000.0
55000.0
35000.0
30000.0
60000.0
30000.0
35000.0
25000.0
40000.0
45000.0
50000.0
55000.0
35000.0
50000.0
30000.0
55000.0
45000.0
25000.0
60000.0
40000.0
25000.0
40000.0
50000.0
45000.0
60000.0
30000.0
35000.0
55000.0
60000.0
45000.0
35000.0
40000.0
55000.0
30000.0
50000.0
25000.0
60000.0
55000.0
50000.0
40000.0
45000.0
25000.0
30000.0
35000.0
30000.0
45000.0
35000.0
55000.0
25000.0
60000.0
40000.0
50000.0
30000.0
35000.0
40000.0
25000.0
50000.0
55000.0
45000.0
60000.0
55000.0
25000.0
35000.0
30000.0
50000.0
40000.0
45000.0
60000.0
50000.0
60000.0
35000.0
25000.0
55000.0
40000.0
30000.0
45000.0
45000.0
35000.0
40000.0
60000.0
25000.0
30000.0
50000.0
55000.0
35000.0
30000.0
60000.0
40000.0
55000.0
25000.0
50000.0
45000.0
45000.0
55000.0
30000.0
50000.0
40000.0
60000.0
25000.0
35000.0
35000.0
30000.0
55000.0
25000.0
50000.0
60000.0
45000.0
40000.0
40000.0
60000.0
45000.0
25000.0
30000.0
55000.0
35000.0
50000.0
40000.0
50000.0
30000.0
60000.0
55000.0
35000.0
45000.0
25000.0
25000.0
45000.0
30000.0
35000.0
50000.0
55000.0
60000.0
40000.0
35000.0
60000.0
45000.0
55000.0
30000.0
50000.0
25000.0
40000.0
55000.0
45000.0
25000.0
50000.0
40000.0
35000.0
60000.0
30000.0
40000.0
50000.0
35000.0
30000.0
25000.0
60000.0
55000.0
45000.0
25000.0
35000.0
30000.0
50000.0
55000.0
45000.0
40000.0
60000.0
50000.0
40000.0
35000.0
25000.0
60000.0
30000.0
55000.0
45000.0
35000.0
30000.0
45000.0
40000.0
55000.0
25000.0
60000.0
50000.0
45000.0
50000.0
25000.0
60000.0
35000.0
55000.0
40000.0
30000.0
35000.0
25000.0
40000.0
55000.0
30000.0
60000.0
50000.0
45000.0
35000.0
55000.0
45000.0
25000.0
30000.0
50000.0
40000.0
60000.0
60000.0
40000.0
25000.0
30000.0
45000.0
55000.0
35000.0
50000.0
30000.0
40000.0
25000.0
50000.0
45000.0
35000.0
55000.0
60000.0
55000.0
40000.0
50000.0
60000.0
25000.0
45000.0
30000.0
35000.0
25000.0
50000.0
55000.0
60000.0
35000.0
40000.0
30000.0
45000.0
45000.0
40000.0
35000.0
55000.0
60000.0
30000.0
50000.0
25000.0
35000.0
60000.0
30000.0
25000.0
45000.0
40000.0
55000.0
50000.0
40000.0
45000.0
25000.0
35000.0
60000.0
50000.0
55000.0
30000.0
50000.0
30000.0
45000.0
55000.0
35000.0
60000.0
40000.0
25000.0
45000.0
50000.0
30000.0
35000.0
25000.0
60000.0
55000.0
40000.0
55000.0
35000.0
40000.0
25000.0
50000.0
45000.0
30000.0
60000.0
50000.0
40000.0
25000.0
45000.0
55000.0
60000.0
35000.0
30000.0
45000.0
60000.0
55000.0
50000.0
30000.0
40000.0
35000.0
25000.0
30000.0
55000.0
45000.0
25000.0
35000.0
40000.0
60000.0
50000.0
50000.0
25000.0
60000.0
40000.0
30000.0
35000.0
55000.0
45000.0
55000.0
45000.0
40000.0
30000.0
25000.0
60000.0
35000.0
50000.0
60000.0
25000.0
40000.0
30000.0
55000.0
35000.0
50000.0
45000.0
30000.0
35000.0
25000.0
40000.0
45000.0
50000.0
60000.0
55000.0
40000.0
45000.0
50000.0
30000.0
60000.0
25000.0
35000.0
55000.0
35000.0
60000.0
30000.0
40000.0
25000.0
45000.0
55000.0
50000.0
35000.0
25000.0
55000.0
30000.0
45000.0
40000.0
60000.0
50000.0
25000.0
30000.0
60000.0
45000.0
40000.0
50000.0
55000.0
35000.0
30000.0
25000.0
50000.0
40000.0
60000.0
55000.0
35000.0
45000.0
55000.0
40000.0
60000.0
35000.0
45000.0
50000.0
30000.0
25000.0
50000.0
25000.0
30000.0
45000.0
35000.0
55000.0
40000.0
60000.0
